75073
75074
75075
75076
75077
75080
75081
75082
75083
75084
75085
75086
75087
75088
75089
75090
75103
75104
75105
75106
75107
75108
75109
75110
75111
75112
75113
75114
75571
78242
81708
81710
83099
83100
83101
83102
83103
83104
83105
83106
83107
83108
83109
83110
83111
83112
83113
83114
83115
83116
83117
83118
83119
83120
83121
83122
83123
83308
83309
83310
83311
83312
83313
83314
83315
83316
83317
83318
83319
83320
83321
83322
84233
84234
84235
84236
84237
84238
84239
84244
84248
84250
84252
84258
84266
84267
84268
84269
84270
84271
84272
84273
84274
84275
84276
84277
84278
84279
84280
84281
84282
84283
