     82388
     82391
     82400
     82404
     82405
     82406
     82409
     82412
     82413
     82420
     82421
     82422
     82423
     82424
     82425
     82426
     82427
     82428
     82435
     82436
     82439
     82440
     82441
     82442
     82443
     82451
     82454
     82455
     82456
     82457
     82458
     82459
     82460
     82466
     82467
     82469
     82475
     82476
     82483
     82484
     82485
     82487
     82488
     82489
     82490
     82491
     82492
     82493
     82501
     82502
